error(train): 0.31999999999999995
error(test): 0.28500000000000003